1.000000000000000000e+00,1.727891348293783091e-04
1.500000000000000000e+00,1.567882865519142402e-04
2.000000000000007105e+00,1.686051022750208932e-04
2.500000000000000000e+00,1.949992604207939596e-04
3.000000000000000000e+00,1.958298146754518395e-04
3.500000000000007105e+00,1.939827826020196883e-04
4.000000000000000000e+00,1.950082553948446909e-04
4.500000000000007105e+00,1.944295055546764689e-04
5.000000000000000000e+00,1.947709524539712226e-04
5.500000000000000000e+00,1.958016345623772038e-04
6.000000000000014211e+00,1.887739848186468963e-04
6.500000000000007105e+00,2.193725469495773036e-04
7.000000000000000000e+00,2.742383387870043631e-04
7.500000000000000000e+00,3.294622315237237336e-04
8.000000000000000000e+00,4.337627118527594356e-04
8.500000000000007105e+00,5.404827053097135264e-04
9.000000000000000000e+00,6.442017009705930473e-04
9.499999999999992895e+00,7.466329640442125179e-04
1.000000000000000000e+01,8.537688240652394154e-04
1.050000000000000711e+01,9.635397358824349763e-04
1.100000000000000000e+01,9.789704336338530145e-04
1.150000000000000711e+01,9.737171920782790920e-04
1.200000000000000000e+01,9.774493795124182625e-04
1.250000000000000711e+01,9.701812765499931651e-04
1.300000000000000000e+01,8.929267851069965000e-04
1.350000000000000711e+01,7.576545677287054850e-04
1.400000000000000711e+01,6.733582051288259122e-04
1.450000000000000000e+01,6.314252315176448107e-04
1.500000000000000000e+01,5.776472520854060780e-04
1.550000000000000711e+01,5.265775412487180146e-04
1.600000000000000711e+01,4.626141126117916630e-04
1.650000000000000000e+01,4.776749913411038593e-04
1.700000000000000711e+01,5.415775247204433198e-04
1.750000000000000711e+01,5.882064851368780161e-04
1.800000000000000711e+01,6.180711091758793680e-04
1.850000000000000000e+01,6.432769252571457746e-04
1.900000000000000000e+01,6.540710497495473563e-04
1.950000000000000711e+01,6.474132209276457555e-04
2.000000000000000000e+01,6.491800772562978912e-04
2.050000000000000711e+01,6.489665900512504339e-04
2.100000000000000711e+01,6.489119698923541011e-04
2.150000000000000000e+01,6.487892258122989657e-04
2.199999999999999289e+01,6.493596845506667634e-04
2.250000000000000711e+01,6.482501590638062436e-04
2.300000000000000711e+01,6.483685646171452165e-04
2.350000000000000000e+01,6.708977692865002217e-04
2.400000000000000000e+01,7.117133499355603405e-04
2.450000000000000000e+01,7.862148867716588479e-04
2.500000000000000711e+01,9.035912599815734084e-04
2.550000000000000000e+01,1.034349102152070819e-03
2.600000000000001421e+01,1.139222463249226804e-03
2.649999999999999289e+01,1.248020359542473126e-03
2.699999999999999289e+01,1.328782638685232229e-03
2.749999999999999289e+01,1.373144431635792183e-03
2.799999999999999289e+01,1.426895725273072575e-03
2.849999999999999289e+01,1.483851490606452822e-03
2.899999999999999289e+01,1.496682552187301573e-03
2.949999999999999289e+01,1.491552471671867518e-03
3.000000000000000711e+01,1.491975090711327107e-03
3.049999999999999289e+01,1.492622340224885030e-03
3.099999999999999289e+01,1.516140840337155569e-03
3.149999999999999289e+01,1.553364980962369931e-03
3.199999999999999289e+01,1.544297319509030592e-03
3.250000000000000711e+01,1.589917131290587062e-03
3.300000000000000711e+01,1.756030105339155805e-03
3.350000000000000711e+01,1.815163684063661248e-03
3.399999999999999289e+01,1.822726755131585290e-03
3.449999999999999289e+01,1.879078935894057736e-03
3.500000000000000711e+01,1.972688622293839508e-03
3.549999999999999289e+01,2.035531821364194253e-03
3.599999999999999289e+01,2.069102882000418194e-03
3.649999999999999289e+01,2.118263875905391190e-03
3.699999999999999289e+01,2.166678444402333082e-03
3.749999999999999289e+01,2.219433813103679695e-03
3.799999999999999289e+01,2.269612044382811507e-03
3.850000000000000711e+01,2.326356159404570183e-03
3.899999999999999289e+01,2.424570397311159257e-03
3.950000000000000711e+01,2.522573028091268203e-03
3.999999999999999289e+01,2.640201835897784590e-03
4.050000000000000711e+01,2.767776079139779803e-03
4.100000000000000711e+01,2.867306156900911555e-03
4.150000000000000711e+01,3.041175473834550284e-03
4.200000000000000711e+01,3.204450199924943968e-03
4.250000000000000711e+01,3.313299390387120218e-03
4.299999999999999289e+01,3.420729310952628187e-03
4.349999999999997868e+01,3.552396379401006037e-03
4.400000000000000711e+01,3.666176044570166291e-03
4.449999999999999289e+01,3.745848380965482657e-03
4.500000000000000711e+01,3.875512026885282423e-03
4.550000000000000711e+01,4.039302539905953969e-03
4.599999999999999289e+01,4.136538857675984421e-03
4.650000000000000711e+01,4.345850187006216996e-03
4.699999999999999289e+01,4.477988578903783871e-03
4.749999999999999289e+01,4.625755492362397005e-03
4.799999999999999289e+01,4.889099652622680772e-03
4.849999999999999289e+01,5.106426491220433968e-03
4.900000000000000711e+01,5.377256153246211257e-03
4.950000000000000711e+01,5.740445191647473334e-03
4.999999999999999289e+01,6.039618938382672851e-03
5.049999999999999289e+01,6.294401148381043379e-03
5.100000000000000711e+01,6.680866086641584246e-03
5.149999999999999289e+01,7.008146987985673995e-03
5.200000000000000711e+01,7.363457853578613509e-03
5.250000000000000711e+01,7.798573660223514364e-03
5.300000000000000711e+01,8.311955762563055447e-03
5.350000000000000711e+01,8.933373255821769679e-03
5.399999999999999289e+01,9.663899506192700703e-03
5.449999999999999289e+01,1.045383499235391644e-02
5.500000000000000711e+01,1.130644055851972446e-02
5.549999999999999289e+01,1.249115202961091631e-02
5.600000000000000711e+01,1.397288657232543738e-02
5.649999999999999289e+01,1.500036071854014483e-02
5.699999999999999289e+01,1.641559111206252267e-02
5.749999999999999289e+01,1.759059513918503556e-02
5.799999999999999289e+01,1.821784106822866428e-02
5.850000000000000711e+01,1.890619585282179299e-02
5.899999999999999289e+01,1.931157798054375374e-02
5.950000000000000711e+01,1.939943214931674417e-02
6.000000000000000711e+01,1.942474085583300453e-02
6.050000000000000711e+01,1.935248015788267051e-02
6.100000000000000711e+01,1.893460124529250041e-02
6.149999999999999289e+01,1.826907352228689108e-02
6.199999999999999289e+01,1.755408254428786688e-02
6.249999999999999289e+01,1.647140547912452971e-02
6.299999999999999289e+01,1.556341817991869006e-02
6.350000000000000711e+01,1.497785798831268583e-02
6.400000000000000000e+01,1.344060966250670668e-02
6.450000000000000000e+01,1.293298788919229614e-02
6.500000000000000000e+01,1.203304575920458724e-02
6.550000000000000000e+01,1.049594277377837934e-02
6.600000000000000000e+01,9.518368749050407779e-03
6.649999999999997158e+01,8.440689623239690242e-03
6.700000000000000000e+01,7.578807258319062226e-03
6.750000000000000000e+01,6.906928648366754062e-03
6.800000000000000000e+01,6.298490538979284285e-03
6.850000000000000000e+01,5.792048762266239874e-03
6.900000000000000000e+01,5.413711848179527351e-03
6.950000000000000000e+01,5.037677141072782749e-03
7.000000000000000000e+01,4.756977382743948421e-03
7.050000000000002842e+01,4.584341242002239018e-03
7.100000000000000000e+01,4.443066169220973895e-03
7.150000000000000000e+01,4.330580429484422525e-03
7.200000000000000000e+01,4.223994891362489908e-03
7.250000000000000000e+01,4.132203895602581771e-03
7.300000000000000000e+01,4.067873197866566509e-03
7.349999999999997158e+01,4.016297014375809840e-03
7.399999999999997158e+01,3.962523986473382061e-03
7.450000000000000000e+01,3.941433584959618333e-03
7.500000000000000000e+01,3.873729302455207382e-03
7.550000000000000000e+01,3.820693835147828069e-03
7.600000000000000000e+01,3.827950664997450871e-03
7.650000000000000000e+01,3.824839703933059862e-03
7.700000000000000000e+01,3.901146101049027086e-03
7.750000000000000000e+01,3.938276513043703977e-03
7.800000000000000000e+01,3.915216602998292800e-03
7.850000000000000000e+01,3.889318632316964529e-03
7.900000000000000000e+01,3.889816422739711226e-03
7.950000000000000000e+01,3.968812459075259091e-03
8.000000000000000000e+01,4.001755175472844657e-03
8.050000000000000000e+01,3.983341733138363872e-03
8.100000000000000000e+01,3.998956354840090162e-03
8.150000000000000000e+01,4.053737021896414335e-03
8.200000000000000000e+01,4.059870976116543642e-03
8.250000000000000000e+01,4.050953853433326979e-03
8.300000000000000000e+01,4.066921928116098983e-03
8.350000000000000000e+01,4.091497671698708302e-03
8.400000000000000000e+01,4.118425311099796308e-03
8.450000000000000000e+01,4.201950129307650827e-03
8.499999999999997158e+01,4.220334881385940859e-03
8.550000000000000000e+01,4.235571123703887886e-03
8.600000000000000000e+01,4.294627717680471121e-03
8.650000000000000000e+01,4.315454884295388469e-03
8.700000000000000000e+01,4.307561126191587243e-03
8.750000000000000000e+01,4.373413949034476479e-03
8.800000000000000000e+01,4.426597557773902583e-03
8.850000000000000000e+01,4.404262601589112661e-03
8.900000000000000000e+01,4.413150881462321769e-03
8.950000000000000000e+01,4.527350133756042130e-03
9.000000000000000000e+01,4.514712737544200778e-03
9.050000000000000000e+01,4.459332657797489968e-03
9.100000000000000000e+01,4.496012767954631929e-03
9.150000000000000000e+01,4.576678988275956553e-03
9.200000000000000000e+01,4.608081958599887819e-03
9.250000000000000000e+01,4.598010849152581181e-03
9.300000000000000000e+01,4.646546788235597983e-03
9.350000000000002842e+01,4.716922232089762468e-03
9.400000000000000000e+01,4.702593642379855610e-03
9.450000000000000000e+01,4.668112506727575134e-03
9.500000000000000000e+01,4.736056710585458303e-03
9.550000000000000000e+01,4.778829390729684781e-03
9.600000000000000000e+01,4.770682580821512461e-03
9.650000000000000000e+01,4.767168785263617599e-03
9.700000000000000000e+01,4.731270437054264401e-03
9.750000000000000000e+01,4.828200134350991643e-03
9.800000000000000000e+01,4.864227924642612957e-03
9.850000000000002842e+01,4.833282195401789744e-03
9.900000000000000000e+01,4.870705233056924800e-03
9.950000000000000000e+01,4.897687544443059607e-03
1.000000000000000284e+02,4.900210157140800701e-03
1.005000000000000284e+02,4.900599458754761016e-03
1.010000000000000284e+02,4.895523059457733590e-03
1.015000000000000000e+02,4.903606890401811767e-03
1.020000000000000000e+02,4.959136966261584040e-03
1.025000000000000000e+02,4.968448841020920749e-03
1.029999999999999716e+02,4.962965541981337152e-03
1.035000000000000284e+02,4.963752330220349424e-03
1.040000000000000000e+02,4.965483947320472637e-03
1.045000000000000000e+02,4.991552422538399897e-03
1.050000000000000000e+02,5.046250909618199727e-03
1.055000000000000284e+02,5.070427640999278576e-03
1.060000000000000000e+02,5.050712631553259946e-03
1.065000000000000000e+02,5.027252293205157485e-03
1.070000000000000000e+02,5.028527135574997059e-03
1.075000000000000284e+02,5.032083917007493939e-03
1.080000000000000284e+02,5.019493714927816472e-03
1.085000000000000000e+02,5.057839425544521234e-03
1.090000000000000000e+02,5.135547707346655930e-03
1.095000000000000000e+02,5.130203983141849028e-03
1.100000000000000000e+02,5.067890456744746433e-03
1.105000000000000000e+02,5.093271770348213948e-03
1.110000000000000000e+02,5.133169558731462065e-03
1.115000000000000284e+02,5.127049432216638190e-03
1.120000000000000284e+02,5.133860593311917464e-03
1.125000000000000000e+02,5.131886935153458576e-03
1.130000000000000000e+02,5.070617495058277711e-03
1.135000000000000000e+02,5.018535867050884398e-03
1.140000000000000000e+02,5.031287737301169509e-03
1.145000000000000000e+02,5.029287215833670721e-03
1.150000000000000284e+02,5.028941542565406979e-03
1.155000000000000284e+02,5.028985074339997405e-03
1.160000000000000000e+02,5.030200981898234891e-03
1.165000000000000284e+02,5.027276223950199324e-03
1.170000000000000284e+02,5.029029207832237496e-03
1.175000000000000000e+02,5.061281475177244714e-03
1.180000000000000284e+02,5.026925801029962643e-03
1.185000000000000284e+02,4.978526716474065451e-03
1.190000000000000284e+02,4.958806011494863719e-03
1.195000000000000284e+02,4.965072739498810339e-03
1.200000000000000000e+02,5.047717726639719057e-03
1.205000000000000000e+02,5.066785095124213059e-03
1.210000000000000000e+02,5.067334285245641938e-03
1.215000000000000000e+02,5.044196404869471205e-03
1.220000000000000284e+02,4.962400330338144483e-03
1.225000000000000000e+02,4.958191804567318832e-03
1.230000000000000000e+02,4.988516548402759966e-03
1.235000000000000284e+02,4.996971616034791112e-03
1.240000000000000000e+02,5.001247500191911659e-03
1.245000000000000284e+02,4.993684766370480067e-03
1.250000000000000000e+02,4.910379990671058514e-03
1.255000000000000000e+02,4.904266627358136801e-03
1.259999999999999716e+02,4.976374163444387787e-03
1.265000000000000000e+02,4.979415925171187113e-03
1.269999999999999716e+02,4.895652773451626000e-03
1.275000000000000000e+02,4.897447635262125974e-03
1.280000000000000000e+02,4.895415470098142020e-03
1.285000000000000000e+02,4.922803106510814826e-03
1.290000000000000000e+02,4.912573603752979842e-03
1.295000000000000000e+02,4.828936916625958115e-03
1.300000000000000284e+02,4.806191808451786875e-03
1.305000000000000000e+02,4.756275288689233022e-03
1.310000000000000000e+02,4.727403379245866295e-03
1.315000000000000284e+02,4.747568805848595939e-03
1.320000000000000284e+02,4.770899042528513150e-03
1.325000000000000284e+02,4.769734705369297126e-03
1.330000000000000000e+02,4.772231215644305406e-03
1.335000000000000000e+02,4.754297635390679518e-03
1.340000000000000000e+02,4.731313682781571744e-03
1.345000000000000284e+02,4.740721980159279085e-03
1.350000000000000000e+02,4.768367435981435767e-03
1.355000000000000000e+02,4.754700952524262315e-03
1.360000000000000284e+02,4.694743586539132721e-03
1.365000000000000000e+02,4.678459995182093246e-03
1.370000000000000000e+02,4.704665689208060650e-03
1.375000000000000000e+02,4.674545351050394919e-03
1.380000000000000284e+02,4.654897942056192457e-03
1.385000000000000284e+02,4.582439897482994823e-03
1.390000000000000284e+02,4.538201402144117873e-03
1.395000000000000284e+02,4.535692022050538501e-03
1.400000000000000000e+02,4.478976688999653302e-03
1.405000000000000000e+02,4.486766707957974033e-03
1.410000000000000000e+02,4.403885960619892403e-03
1.415000000000000000e+02,4.339596320916669359e-03
1.420000000000000284e+02,4.393222891239007520e-03
1.424999999999999716e+02,4.414364161399194839e-03
1.430000000000000000e+02,4.333221121710055176e-03
1.435000000000000000e+02,4.313450547597153309e-03
1.440000000000000284e+02,4.294445145499324427e-03
1.445000000000000000e+02,4.245729546625423047e-03
1.450000000000000000e+02,4.250567685668778933e-03
1.455000000000000000e+02,4.225286806834352774e-03
1.460000000000000000e+02,4.211755689289938681e-03
1.465000000000000284e+02,4.227933455243255978e-03
1.470000000000000000e+02,4.200777491285801260e-03
1.475000000000000284e+02,4.120602412933310060e-03
1.480000000000000000e+02,4.125200366615012527e-03
1.485000000000000284e+02,4.061012477314145802e-03
1.489999999999999716e+02,4.014416363705629667e-03
1.495000000000000000e+02,4.021165134793007641e-03
1.500000000000000284e+02,3.990128598409587411e-03
1.505000000000000000e+02,3.963848414028738228e-03
1.510000000000000000e+02,3.937685936507770434e-03
1.515000000000000000e+02,3.914410682371340967e-03
1.520000000000000000e+02,3.881065459170790315e-03
1.524999999999999716e+02,3.862375483996705917e-03
1.530000000000000284e+02,3.900536148255335112e-03
1.535000000000000284e+02,3.798615710786172953e-03
1.540000000000000000e+02,3.791761315961083515e-03
1.545000000000000284e+02,3.805584669730494897e-03
1.550000000000000284e+02,3.697564320803190842e-03
1.555000000000000284e+02,3.759920516130718388e-03
1.560000000000000000e+02,3.698217423284747701e-03
1.565000000000000284e+02,3.678813739853069829e-03
1.570000000000000568e+02,3.679705912434990105e-03
1.575000000000000000e+02,3.599707499094131208e-03
1.580000000000000284e+02,3.633066457018488925e-03
1.585000000000000000e+02,3.586555220534497733e-03
1.590000000000000284e+02,3.589023627776227483e-03
1.595000000000000000e+02,3.649884567645421928e-03
1.600000000000000000e+02,3.682154853923585037e-03
1.605000000000000284e+02,3.752066724161634385e-03
1.610000000000000000e+02,3.839925869356756831e-03
1.615000000000000284e+02,3.918143353222650581e-03
1.620000000000000000e+02,3.980036412398516542e-03
1.625000000000000000e+02,4.028923991770900874e-03
1.630000000000000000e+02,4.055607602484528548e-03
1.635000000000000284e+02,4.036518838495109507e-03
1.640000000000000284e+02,3.997533458295054846e-03
1.645000000000000000e+02,3.919790695003363273e-03
1.650000000000000000e+02,3.815472944156223130e-03
1.655000000000000000e+02,3.727001008879581283e-03
1.660000000000000568e+02,3.562676006004652368e-03
1.665000000000000000e+02,3.417148302743759809e-03
1.670000000000000000e+02,3.361449873924894118e-03
1.675000000000000284e+02,3.283880621779683602e-03
1.680000000000000000e+02,3.092978887695700067e-03
1.685000000000000284e+02,3.024660021723948357e-03
1.690000000000000000e+02,2.987759333975302696e-03
1.695000000000000284e+02,2.925457463383702734e-03
1.700000000000000000e+02,2.934760506360081268e-03
1.705000000000000000e+02,3.046106597961960576e-03
1.710000000000000284e+02,3.057522069632526759e-03
1.715000000000000284e+02,3.043590642424009920e-03
1.720000000000000000e+02,3.059601363505137783e-03
1.725000000000000284e+02,3.035044031095344812e-03
1.730000000000000568e+02,2.983664865203592385e-03
1.735000000000000000e+02,3.098957387607262966e-03
1.740000000000000284e+02,3.097815801417030251e-03
1.744999999999999716e+02,3.033330746592074068e-03
1.749999999999999716e+02,2.967397665678624726e-03
1.755000000000000284e+02,2.984399861054986853e-03
1.760000000000000000e+02,3.022278353819668646e-03
1.765000000000000000e+02,3.048983837686449622e-03
1.770000000000000000e+02,3.020334062112065444e-03
1.775000000000000284e+02,2.938388582326694354e-03
1.780000000000000000e+02,2.920007509973279389e-03
1.785000000000000284e+02,2.894695537372645594e-03
1.790000000000000284e+02,2.867302734246297835e-03
1.795000000000000000e+02,2.841640930840536039e-03
1.800000000000000000e+02,2.815985513984728059e-03
1.805000000000000000e+02,2.789389035721084702e-03
1.810000000000000284e+02,2.760884409574117151e-03
1.815000000000000000e+02,2.758910918179719590e-03
1.820000000000000284e+02,2.746471073156566203e-03
1.825000000000000284e+02,2.718470676306637603e-03
1.830000000000000000e+02,2.690804049367699364e-03
1.835000000000000284e+02,2.637549282646459506e-03
1.840000000000000000e+02,2.602220571036000310e-03
1.845000000000000284e+02,2.589627751650582649e-03
1.850000000000000000e+02,2.536797170799312551e-03
1.855000000000000000e+02,2.464398630968683574e-03
1.860000000000000284e+02,2.493636085795541274e-03
1.865000000000000284e+02,2.486039114167188074e-03
1.870000000000000000e+02,2.433532887917244040e-03
1.875000000000000000e+02,2.389619719371063964e-03
1.880000000000000568e+02,2.407350581138111966e-03
1.885000000000000000e+02,2.469362987980447573e-03
1.890000000000000284e+02,2.370730126545659081e-03
1.895000000000000284e+02,2.352754233813128450e-03
1.900000000000000284e+02,2.411639903676610682e-03
1.905000000000000284e+02,2.399735332320784235e-03
1.910000000000000000e+02,2.400789289448357171e-03
1.915000000000000284e+02,2.399244679065948033e-03
1.920000000000000284e+02,2.409070664385024561e-03
1.924999999999999716e+02,2.391270326553971825e-03
1.930000000000000284e+02,2.357792762006060729e-03
1.935000000000000000e+02,2.336460472800302220e-03
1.940000000000000000e+02,2.379899502088514852e-03
1.945000000000000284e+02,2.411125821442685214e-03
1.950000000000000284e+02,2.410771623016818611e-03
1.955000000000000000e+02,2.396144845264953742e-03
1.960000000000000000e+02,2.343299020117970734e-03
1.964999999999999716e+02,2.252591403797521430e-03
1.970000000000000000e+02,2.257162979469070144e-03
1.975000000000000568e+02,2.250809553848473910e-03
1.980000000000000000e+02,2.159207282146943623e-03
1.985000000000000000e+02,2.110745680436908450e-03
1.989999999999999716e+02,2.087480014093908397e-03
1.995000000000000000e+02,2.039578077475066517e-03
2.000000000000000000e+02,1.998858885254032030e-03
2.005000000000000284e+02,1.970688302159912930e-03
2.010000000000000284e+02,1.916397585245725819e-03
2.015000000000000284e+02,1.885489943067852284e-03
2.020000000000000284e+02,1.873454391054711057e-03
2.025000000000000000e+02,1.807300469337090425e-03
2.030000000000000000e+02,1.752987560635936668e-03
2.034999999999999716e+02,1.784911216282700002e-03
2.040000000000000000e+02,1.708552750144560518e-03
2.045000000000000284e+02,1.671374948140863341e-03
2.050000000000000000e+02,1.711959473110103271e-03
2.055000000000000000e+02,1.761996686215208186e-03
2.059999999999999716e+02,1.752161611087672127e-03
2.065000000000000284e+02,1.645083734159360567e-03
2.070000000000000000e+02,1.600745969360237685e-03
2.075000000000000284e+02,1.663529116778951272e-03
2.080000000000000284e+02,1.667685206357271462e-03
2.085000000000000284e+02,1.556317895513798953e-03
2.090000000000000284e+02,1.579801362859454975e-03
2.095000000000000000e+02,1.595241452219547246e-03
2.100000000000000568e+02,1.589076996763495991e-03
2.105000000000000000e+02,1.587829264696811798e-03
2.110000000000000000e+02,1.590991861050488222e-03
2.115000000000000284e+02,1.623480309218748542e-03
2.120000000000000000e+02,1.579348912275707183e-03
2.125000000000000284e+02,1.557506612315639766e-03
2.130000000000000000e+02,1.541120033438518003e-03
2.135000000000000284e+02,1.455479910540841701e-03
2.140000000000000000e+02,1.404362486287719439e-03
2.145000000000000284e+02,1.346789834227421880e-03
2.150000000000000284e+02,1.328928942979930306e-03
2.155000000000000000e+02,1.320879943156348440e-03
2.160000000000000284e+02,1.259416856018684069e-03
2.165000000000000000e+02,1.203540187158135899e-03
2.170000000000000284e+02,1.207058432452176068e-03
2.175000000000000000e+02,1.157450149709787074e-03
2.180000000000000000e+02,1.088931228457618505e-03
2.185000000000000284e+02,1.108407762750537266e-03
2.190000000000000853e+02,1.140768763199185394e-03
2.195000000000000284e+02,1.056173325300645673e-03
2.200000000000000284e+02,1.074600189495930440e-03
2.205000000000000853e+02,1.073660838924418151e-03
2.210000000000000284e+02,9.712832741154665221e-04
2.215000000000000284e+02,9.876599262199148906e-04
2.220000000000000284e+02,1.027618704316280536e-03
2.225000000000000284e+02,1.041863697416940031e-03
2.230000000000000284e+02,1.054704127016435622e-03
2.235000000000000284e+02,1.106416894556954593e-03
2.240000000000000284e+02,1.102160406982717524e-03
2.245000000000000853e+02,1.145051500400450905e-03
2.250000000000000284e+02,1.207955760927897871e-03
2.255000000000000284e+02,1.243017182731724840e-03
2.260000000000000284e+02,1.273598968095028972e-03
2.265000000000000284e+02,1.327877328152189543e-03
2.270000000000000284e+02,1.332225232820911237e-03
2.275000000000000853e+02,1.334263194074795109e-03
2.280000000000000284e+02,1.313344503347139069e-03
2.285000000000000853e+02,1.254867049538236365e-03
2.290000000000000284e+02,1.203625675736126610e-03
2.295000000000000853e+02,1.146714305819461401e-03
2.300000000000000284e+02,1.124503348222642566e-03
2.305000000000000284e+02,1.060767349793213712e-03
2.310000000000000853e+02,9.565681585816139662e-04
2.315000000000000853e+02,9.098750850376235207e-04
2.320000000000000853e+02,8.751778003596769571e-04
2.325000000000000853e+02,9.040753086165370092e-04
2.330000000000000284e+02,8.759877412067858899e-04
2.335000000000000284e+02,8.047267215046136155e-04
2.340000000000000284e+02,8.113847721433535510e-04
2.345000000000000284e+02,7.587866158942411067e-04
2.350000000000000853e+02,7.395345956740568714e-04
2.355000000000000853e+02,7.498006303445544501e-04
2.360000000000000284e+02,7.431162090145571183e-04
2.365000000000000284e+02,7.465356266518267774e-04
2.370000000000000284e+02,8.005607841236634260e-04
2.375000000000000284e+02,8.193076099598939213e-04
2.380000000000000284e+02,8.007382534885024898e-04
2.385000000000000284e+02,8.295337459674847515e-04
2.390000000000000284e+02,9.098889071063768564e-04
2.395000000000000284e+02,9.122542841708463973e-04
2.400000000000000284e+02,9.048543855164452310e-04
2.405000000000000284e+02,9.142677709464842439e-04
2.410000000000000853e+02,8.970189713413502042e-04
2.415000000000000284e+02,8.410800517377027899e-04
2.420000000000000284e+02,8.121141209075074868e-04
2.425000000000000853e+02,8.241014889838168059e-04
2.430000000000000853e+02,8.785049781810075516e-04
2.435000000000000284e+02,9.081637409246881652e-04
2.440000000000000284e+02,8.734700433948425127e-04
2.445000000000000853e+02,8.681350182664840506e-04
2.450000000000000284e+02,9.068872090271706734e-04
2.455000000000000284e+02,9.512021171066385727e-04
2.460000000000000853e+02,9.833916149290481291e-04
2.465000000000000853e+02,9.718406530359530778e-04
2.470000000000000284e+02,9.705356624925156163e-04
2.475000000000000853e+02,9.881336427835852362e-04
2.480000000000000284e+02,9.461252653416824627e-04
2.485000000000000284e+02,9.016641790158252132e-04
2.490000000000000284e+02,9.149731940791699675e-04
2.495000000000000853e+02,1.016450332027800342e-03
2.500000000000000284e+02,1.136255457699049095e-03
2.505000000000000853e+02,1.191503174866542043e-03
2.510000000000000284e+02,1.172764857073423485e-03
2.515000000000000853e+02,1.244355302747616413e-03
2.520000000000000853e+02,1.322724246583298216e-03
2.525000000000000853e+02,1.380942402618609913e-03
2.530000000000000284e+02,1.413273966008695608e-03
2.535000000000000284e+02,1.439171013797420828e-03
2.540000000000000284e+02,1.461995504249458165e-03
2.545000000000000284e+02,1.460775147398360105e-03
2.550000000000000284e+02,1.456604366585223780e-03
2.555000000000000853e+02,1.477170097256345210e-03
2.560000000000000568e+02,1.497757204539165938e-03
2.565000000000000000e+02,1.489185110629714882e-03
2.570000000000000000e+02,1.462114532096656268e-03
2.575000000000000568e+02,1.448034104463899723e-03
2.580000000000000568e+02,1.519449311482266168e-03
2.585000000000000000e+02,1.555593222103406493e-03
2.590000000000000568e+02,1.522818410018488130e-03
2.595000000000000000e+02,1.554936176300050982e-03
2.600000000000000000e+02,1.609440367718190275e-03
2.605000000000000000e+02,1.636998588099070496e-03
2.610000000000000568e+02,1.587747832246568349e-03
2.615000000000000568e+02,1.515393751674592874e-03
2.620000000000000000e+02,1.493487576357963465e-03
2.625000000000000000e+02,1.422086116275011244e-03
2.630000000000000568e+02,1.318462342160022600e-03
2.635000000000000568e+02,1.218789398238642437e-03
2.640000000000000000e+02,1.121981867704973171e-03
2.645000000000000568e+02,1.017067969284237913e-03
2.650000000000000000e+02,9.263643737806542648e-04
2.655000000000000568e+02,8.666916310948605609e-04
2.660000000000000568e+02,8.208421561871739923e-04
2.665000000000000000e+02,8.199944174239600855e-04
2.670000000000000000e+02,8.429258357168369986e-04
2.675000000000000000e+02,7.574331432294933259e-04
2.680000000000000000e+02,7.683378599378858868e-04
2.685000000000000000e+02,7.467705099090977006e-04
2.690000000000000000e+02,6.675037181811859172e-04
2.695000000000000568e+02,6.476528611276158006e-04
2.700000000000000568e+02,5.938038763284012901e-04
2.705000000000000000e+02,5.640024504639678561e-04
2.710000000000000568e+02,5.238179273610448243e-04
2.715000000000000000e+02,4.766660726259097278e-04
2.720000000000000000e+02,4.521670226456289254e-04
2.725000000000000000e+02,4.203688843830754641e-04
2.730000000000000000e+02,4.551496399183993730e-04
2.735000000000000568e+02,4.017162272344385011e-04
2.740000000000000568e+02,3.067744337733558312e-04
2.745000000000000568e+02,3.288957161629026365e-04
2.750000000000000000e+02,3.844025572510478741e-04
2.755000000000000000e+02,3.895694520082093821e-04
2.760000000000000000e+02,4.004392992693557086e-04
2.765000000000000000e+02,3.807931774379820977e-04
2.770000000000000000e+02,3.461380937510011150e-04
2.775000000000000568e+02,3.054081134967619160e-04
2.780000000000000568e+02,2.696951561771944667e-04
2.785000000000000000e+02,2.458398563338371487e-04
2.790000000000000000e+02,2.643061867375638479e-04
2.795000000000000000e+02,2.578359458089296975e-04
2.800000000000000000e+02,2.560168982305081171e-04
2.805000000000000568e+02,2.811306433174881885e-04
2.809999999999999432e+02,3.108964699904695700e-04
2.815000000000000000e+02,3.312112010415670040e-04
2.820000000000000000e+02,3.234386765106932789e-04
2.825000000000000000e+02,3.241899494594093238e-04
2.829999999999999432e+02,3.248076406433696075e-04
2.835000000000000568e+02,3.240858857282718662e-04
2.840000000000000000e+02,3.251627420926378703e-04
2.844999999999999432e+02,3.235323744507982409e-04
2.850000000000000000e+02,3.232033682967416712e-04
2.855000000000000568e+02,3.372954287004726790e-04
2.859999999999999432e+02,3.139735798362030834e-04
2.865000000000000000e+02,2.938341647804237683e-04
2.870000000000000568e+02,2.702986425628835774e-04
2.875000000000000568e+02,2.457317605064800116e-04
2.880000000000000000e+02,2.224982659341420406e-04
2.885000000000000000e+02,2.029629061687566484e-04
2.890000000000000568e+02,1.807079750207152107e-04
2.895000000000000000e+02,1.973653505073833089e-04
2.900000000000000000e+02,1.948645802315159068e-04
2.905000000000000568e+02,1.942289252148184531e-04
2.910000000000000568e+02,1.949014649173466554e-04
2.914999999999999432e+02,1.946060731285889590e-04
2.920000000000000000e+02,1.946929429828359395e-04
2.925000000000000000e+02,1.946786086661315702e-04
2.930000000000000568e+02,1.946760748850879488e-04
2.935000000000000000e+02,1.946793144728236062e-04
2.940000000000000000e+02,1.946778300779746515e-04
2.945000000000000000e+02,1.946782822592923231e-04
2.950000000000000000e+02,1.946782009827969964e-04
2.955000000000000000e+02,1.946781877955296104e-04
2.960000000000000568e+02,1.946782253765022596e-04
2.965000000000000568e+02,1.946781442758251958e-04
2.970000000000000000e+02,1.946783106144677356e-04
2.975000000000000000e+02,1.946781693230157273e-04
2.980000000000000568e+02,1.946774982066863885e-04
2.985000000000000000e+02,1.946817375081858305e-04
2.989999999999999432e+02,1.946670931848469219e-04
2.995000000000000568e+02,1.947010599113850214e-04
3.000000000000000000e+02,1.946665544334448431e-04
3.005000000000000000e+02,1.945506047073828129e-04
3.010000000000000000e+02,1.953620554971009782e-04
3.015000000000000568e+02,1.924588925605186923e-04
3.020000000000000000e+02,1.999756523914510240e-04
3.024999999999999432e+02,2.293797669400523057e-04
3.030000000000000568e+02,2.569370700653439855e-04
3.035000000000000000e+02,2.613092342937577768e-04
3.040000000000000568e+02,2.589734601362808186e-04
3.045000000000000568e+02,2.590694966751200408e-04
3.050000000000000568e+02,2.596073851198595290e-04
3.055000000000000000e+02,2.597517316784794285e-04
3.059999999999999432e+02,2.596271220437033900e-04
3.065000000000000568e+02,2.595242981165149444e-04
3.070000000000000568e+02,2.595830623895537263e-04
3.075000000000000000e+02,2.595697719874487061e-04
3.080000000000000568e+02,2.595715903962822089e-04
3.085000000000000568e+02,2.595621641939979359e-04
3.090000000000000568e+02,2.596042705725089272e-04
3.095000000000000000e+02,2.594893054366179553e-04
3.100000000000000000e+02,2.596674420231144466e-04
3.105000000000000000e+02,2.597985751232109860e-04
3.110000000000000000e+02,2.577883238622109808e-04
3.115000000000000568e+02,2.662048293681616327e-04
3.120000000000000568e+02,2.407107643548438679e-04
3.125000000000000000e+02,1.906448300130300264e-04
3.129999999999999432e+02,1.937714954862852735e-04
3.135000000000000568e+02,1.957005097497448696e-04
3.140000000000000568e+02,1.941950900172719906e-04
3.145000000000000000e+02,1.949022210883988348e-04
3.149999999999999432e+02,1.945238098846085084e-04
3.155000000000000568e+02,1.945229076850168895e-04
3.160000000000000000e+02,1.963820266486931987e-04
3.165000000000000000e+02,1.878475257587021376e-04
3.170000000000000568e+02,2.039102839362031804e-04
3.175000000000000000e+02,2.331214185343856221e-04
3.180000000000000000e+02,2.587234386242120748e-04
3.185000000000000000e+02,2.628384530541372222e-04
3.190000000000000568e+02,2.580230759417385402e-04
3.195000000000000568e+02,2.599741323012442346e-04
3.200000000000000000e+02,2.596382150470359206e-04
3.205000000000000568e+02,2.596303925487161951e-04
3.210000000000000568e+02,2.580118593391231827e-04
3.214999999999999432e+02,2.664684446542530446e-04
3.220000000000000000e+02,2.358413238972886631e-04
3.225000000000000568e+02,1.912676170595173440e-04
3.230000000000000000e+02,1.875435608293642348e-04
3.235000000000000000e+02,1.930819454130830286e-04
3.240000000000000568e+02,1.979190097690828004e-04
3.245000000000000000e+02,1.980845057902208865e-04
3.249999999999999432e+02,1.906608553993966002e-04
3.255000000000000000e+02,1.952762467006239375e-04
3.260000000000001137e+02,2.552100558072506031e-04
3.265000000000000000e+02,2.482225524740701099e-04
3.270000000000000000e+02,2.154359427369755475e-04
3.275000000000000568e+02,1.870941222710726423e-04
3.280000000000000568e+02,1.950513560693836268e-04
3.285000000000000000e+02,1.954446907410780721e-04
3.290000000000000000e+02,1.942095372303030872e-04
3.295000000000001137e+02,1.948600779871028472e-04
3.300000000000000568e+02,1.946077413757553985e-04
3.304999999999999432e+02,1.946989442739526616e-04
3.310000000000000568e+02,1.948384186987219002e-04
3.315000000000000000e+02,1.938107782503507089e-04
3.320000000000000000e+02,1.975258315289397969e-04
3.325000000000000000e+02,1.878686259654927893e-04
3.330000000000000568e+02,1.607142237916258623e-04
3.335000000000000568e+02,1.591943650845948060e-04
3.340000000000000568e+02,1.854441722594801941e-04
3.345000000000000568e+02,1.977918547917520333e-04
3.350000000000000568e+02,1.938627092527263958e-04
3.354999999999999432e+02,1.947723316971966578e-04
3.360000000000000000e+02,1.947291151695051839e-04
3.365000000000000568e+02,1.946351497469868874e-04
3.370000000000000000e+02,1.947067989025271699e-04
3.375000000000000000e+02,1.946434127571162868e-04
3.380000000000001137e+02,1.947122499491134784e-04
3.385000000000000000e+02,1.947740196341990406e-04
3.390000000000000000e+02,1.939823540573692388e-04
3.394999999999999432e+02,1.972136917739221462e-04
3.400000000000001137e+02,1.884107922212371997e-04
3.405000000000000568e+02,2.025473501870814512e-04
3.410000000000000000e+02,2.605321144951686682e-04
3.415000000000000568e+02,1.987771571595781279e-04
3.420000000000000568e+02,2.653573969543482174e-04
3.424999999999999432e+02,3.120216020789355897e-04
3.430000000000000000e+02,2.656092211894684721e-04
3.435000000000000568e+02,3.819418373729944116e-04
3.440000000000000000e+02,3.983900288214067809e-04
3.445000000000000000e+02,3.850091194852163306e-04
3.450000000000000000e+02,3.914063186053908894e-04
3.455000000000000568e+02,3.878880185572688641e-04
3.459999999999999432e+02,3.881185174723289976e-04
3.465000000000000000e+02,4.045109940849450723e-04
3.470000000000000568e+02,3.050865039979756095e-04
3.475000000000000568e+02,2.777532877860430923e-04
3.480000000000000000e+02,3.148909655858420933e-04
3.485000000000000568e+02,1.979282980373467480e-04
3.490000000000000000e+02,1.900630866140169293e-04
3.495000000000000000e+02,1.793876842587735932e-04
3.500000000000000568e+02,1.575225329463014572e-04
3.505000000000000568e+02,1.631857751394882579e-04
3.510000000000000000e+02,1.622638622593778593e-04
3.515000000000000568e+02,1.620910724173797138e-04
3.520000000000000568e+02,1.623048757255991022e-04
3.525000000000000568e+02,1.622076029785512726e-04
3.530000000000000000e+02,1.622369903432912435e-04
3.535000000000000000e+02,1.622318222096177584e-04
3.540000000000000568e+02,1.622314511085404818e-04
3.545000000000000000e+02,1.622308871409558267e-04
3.550000000000000000e+02,1.622356774525026725e-04
3.555000000000000568e+02,1.622241562288513996e-04
3.560000000000000000e+02,1.622338568871735387e-04
3.565000000000000568e+02,1.622829062048988292e-04
3.570000000000000000e+02,1.619774359710774336e-04
3.575000000000000568e+02,1.630271050825361204e-04
3.580000000000000000e+02,1.606074133836849242e-04
3.585000000000000000e+02,1.630102905479662197e-04
3.590000000000000568e+02,1.906511917115863723e-04
3.595000000000000568e+02,1.965486252267518844e-04
3.600000000000000568e+02,1.958113859407938898e-04
3.605000000000000000e+02,1.905158265922635911e-04
3.610000000000000000e+02,1.976192688372528129e-04
3.615000000000000568e+02,2.568128316389862802e-04
3.620000000000000000e+02,2.199219313552822140e-04
3.625000000000000000e+02,1.860362372549498094e-04
3.630000000000000000e+02,1.970097112957320824e-04
3.635000000000000568e+02,1.943358638541602579e-04
3.640000000000000568e+02,1.939722069348112383e-04
3.645000000000000568e+02,1.982260175637673850e-04
3.650000000000000000e+02,1.792016318498206549e-04
3.655000000000000000e+02,1.589350126155245058e-04
3.660000000000000000e+02,1.626371761919909913e-04
3.665000000000001137e+02,1.624199724604386095e-04
3.670000000000000000e+02,1.620775684309016325e-04
3.674999999999999432e+02,1.622945922609030014e-04
3.680000000000000568e+02,1.622145221138009672e-04
3.685000000000000568e+02,1.622342567140250703e-04
3.690000000000000000e+02,1.622326411718752243e-04
3.695000000000000000e+02,1.622310844739052055e-04
3.700000000000000568e+02,1.622321516624485786e-04
3.705000000000000000e+02,1.622317441296894391e-04
3.710000000000000000e+02,1.622318487705328197e-04
3.715000000000000000e+02,1.622318380449573084e-04
3.720000000000000568e+02,1.622318308505381757e-04
3.725000000000000000e+02,1.622318370616468431e-04
3.730000000000000000e+02,1.622318321842049140e-04
3.735000000000000000e+02,1.622318376626946191e-04
3.740000000000000000e+02,1.622318382536158926e-04
3.745000000000000568e+02,1.622317962667661859e-04
3.750000000000000000e+02,1.622319880738201496e-04
3.755000000000000000e+02,1.622314218068511245e-04
3.760000000000000000e+02,1.622324748883618170e-04
3.765000000000000000e+02,1.622323428465909350e-04
3.770000000000000568e+02,1.622246115914413741e-04
3.775000000000000000e+02,1.622619110587557778e-04
3.779999999999999432e+02,1.621481196290928256e-04
3.785000000000000000e+02,1.623713578491725975e-04
3.790000000000000568e+02,1.622928215222425375e-04
3.795000000000000568e+02,1.608810206550611373e-04
3.799999999999999432e+02,1.744866397918204165e-04
3.805000000000000568e+02,2.078212124081475363e-04
3.810000000000000568e+02,2.376041483628512307e-04
3.815000000000000000e+02,2.594305955209537861e-04
3.820000000000000568e+02,2.604869312596775396e-04
3.825000000000000000e+02,2.651942052976157763e-04
3.830000000000000000e+02,2.492674340765752049e-04
3.835000000000000000e+02,2.198971894316972017e-04
3.840000000000000000e+02,1.943162837794421526e-04
3.845000000000000000e+02,1.913607286025029402e-04
3.850000000000000568e+02,1.996340607139261215e-04
3.855000000000000568e+02,1.810574522635315141e-04
3.860000000000000000e+02,1.593724125285425402e-04
3.865000000000000000e+02,1.623607715911971417e-04
3.870000000000000568e+02,1.625272734826399741e-04
3.875000000000000000e+02,1.620545873686883998e-04
3.880000000000000000e+02,1.622955315409710321e-04
3.885000000000000000e+02,1.622164940554118092e-04
3.890000000000001137e+02,1.622329380443514519e-04
3.895000000000000568e+02,1.622334608743806138e-04
3.900000000000000000e+02,1.622294833204152194e-04
3.905000000000000000e+02,1.622369957972517147e-04
3.910000000000000000e+02,1.622212092847556946e-04
3.915000000000000568e+02,1.622397392926831728e-04
3.920000000000000000e+02,1.622801477929067086e-04
3.925000000000000568e+02,1.619473163403994996e-04
3.930000000000000568e+02,1.631946403582923216e-04
3.935000000000000000e+02,1.600422515086315450e-04
3.939999999999999432e+02,1.642577858576824590e-04
3.945000000000000568e+02,1.928164981130173910e-04
3.950000000000000568e+02,1.899280874386541243e-04
3.955000000000000000e+02,2.256860069461219618e-04
3.960000000000000568e+02,2.653536928047798725e-04
3.965000000000000000e+02,2.598837552264826210e-04
3.970000000000000000e+02,2.628548118130761549e-04
3.975000000000000000e+02,2.115467599555905735e-04
3.980000000000001137e+02,1.899857572778292482e-04
3.985000000000000000e+02,1.932039170325855829e-04
3.990000000000000568e+02,1.930164643664276447e-04
3.995000000000000568e+02,1.645398384279565156e-04
4.000000000000000568e+02,1.600324157060903482e-04
4.005000000000000568e+02,1.629343527893305406e-04
4.010000000000000000e+02,1.626462192407400248e-04
4.015000000000000568e+02,1.613333558563711124e-04
4.020000000000000568e+02,1.608017207228293658e-04
4.025000000000000000e+02,1.888593279211367936e-04
4.030000000000000568e+02,1.910198648423507917e-04
4.035000000000000000e+02,2.141731734092135674e-04
4.040000000000000000e+02,2.642790152215013276e-04
4.045000000000000000e+02,2.602181935433126102e-04
4.050000000000000000e+02,2.586012839970532095e-04
4.055000000000000568e+02,2.600553301629097915e-04
4.060000000000000000e+02,2.593353636796333610e-04
4.065000000000000568e+02,2.597516136343748809e-04
4.070000000000000568e+02,2.596712194774994354e-04
4.075000000000000000e+02,2.579340774822275304e-04
4.080000000000000000e+02,2.664965324097061296e-04
4.085000000000000568e+02,2.366096607619701611e-04
4.090000000000000568e+02,1.894806028372057814e-04
4.095000000000000000e+02,1.944832034589087796e-04
4.099999999999999432e+02,1.961883472876388586e-04
4.105000000000000568e+02,1.950516750780195133e-04
4.110000000000000000e+02,1.955291257479753507e-04
4.114999999999999432e+02,1.923190593613173071e-04
4.120000000000000568e+02,1.946279856799515917e-04
4.125000000000000568e+02,2.180502009749321049e-04
4.130000000000000568e+02,2.475395806115605283e-04
4.135000000000000000e+02,2.721888362028721670e-04
4.140000000000000568e+02,2.465222733606241170e-04
4.145000000000000000e+02,1.940967405287867217e-04
4.149999999999999432e+02,1.924198210549346686e-04
4.155000000000000000e+02,1.959500274134519534e-04
4.160000000000000000e+02,1.943317912928903496e-04
4.164999999999999432e+02,1.946579796195977243e-04
4.170000000000000000e+02,1.944471208056611190e-04
4.175000000000000568e+02,1.942600763317447988e-04
4.180000000000000568e+02,1.944140487594338946e-04
4.185000000000000568e+02,1.962951043132989419e-04
4.190000000000000568e+02,1.911805911016236986e-04
4.195000000000000000e+02,1.969423276154272720e-04
4.200000000000000000e+02,2.525533604365538462e-04
4.205000000000000568e+02,2.620345248722578718e-04
4.210000000000001137e+02,2.655785362941834164e-04
4.215000000000000000e+02,2.414792344053243980e-04
4.219999999999999432e+02,1.948008100467203663e-04
4.225000000000000568e+02,2.150054933349162319e-04
4.230000000000000000e+02,2.488405756727425579e-04
4.235000000000000568e+02,2.685471376502243375e-04
4.240000000000000000e+02,2.562317561930637809e-04
4.245000000000000568e+02,2.609156137117556954e-04
4.250000000000000000e+02,2.636211122922319525e-04
4.254999999999999432e+02,2.118243224245392668e-04
4.260000000000000568e+02,1.913742403634550928e-04
4.265000000000000000e+02,1.887244277452797389e-04
4.270000000000000000e+02,1.972910950713971986e-04
4.275000000000000000e+02,2.270592375083236322e-04
4.280000000000000000e+02,2.660261656732113055e-04
4.285000000000000568e+02,3.048584756334469354e-04
4.290000000000000000e+02,3.470848583217791563e-04
4.295000000000001137e+02,3.179689719640463189e-04
4.300000000000000568e+02,2.619046474064234248e-04
4.305000000000000000e+02,2.074565836042664355e-04
4.310000000000000568e+02,1.832634101893101139e-04
4.315000000000000568e+02,1.974434078082077759e-04
4.320000000000000568e+02,1.950412723612048429e-04
4.325000000000000568e+02,1.958002868958641778e-04
4.330000000000000568e+02,1.820494749855248887e-04
4.335000000000000568e+02,2.136501481206675758e-04
4.340000000000000568e+02,2.516277102288202354e-04
4.345000000000000568e+02,2.917764983450265876e-04
4.350000000000000568e+02,3.231819285735089593e-04
4.355000000000000000e+02,3.316272535968809907e-04
4.360000000000000000e+02,3.194182447720873884e-04
4.365000000000000568e+02,3.305787111603656681e-04
4.370000000000000000e+02,3.155307835050327812e-04
4.375000000000000568e+02,2.607649328983111447e-04
4.380000000000000000e+02,2.566061709037367896e-04
4.385000000000000568e+02,2.606599400796331695e-04
4.390000000000000000e+02,2.603447113675932761e-04
4.395000000000000000e+02,2.574357523675661202e-04
4.400000000000000568e+02,2.591730681740481873e-04
4.405000000000000568e+02,2.730063200924109728e-04
4.410000000000000000e+02,2.917095046107744116e-04
4.415000000000000000e+02,3.114575495600518809e-04
4.420000000000000568e+02,3.343015787884238282e-04
4.425000000000000568e+02,3.242487438101588270e-04
4.430000000000000000e+02,2.868043416388068039e-04
4.435000000000000568e+02,2.586855785270005372e-04
4.440000000000000568e+02,2.756005106969561095e-04
4.445000000000000000e+02,3.335370105385961612e-04
4.450000000000000000e+02,3.917516974166869795e-04
4.455000000000000000e+02,4.018053550549390961e-04
4.460000000000000568e+02,3.335911989281254353e-04
4.465000000000000000e+02,3.592335823024273402e-04
4.470000000000000568e+02,4.332728794971985476e-04
4.475000000000000568e+02,4.206295728744932866e-04
4.480000000000000000e+02,4.160255661649773021e-04
4.484999999999999432e+02,4.659717494237221639e-04
4.490000000000001137e+02,4.932845757097372363e-04
4.495000000000000000e+02,4.850798238402196988e-04
4.500000000000000000e+02,4.868229287432697177e-04
4.505000000000001137e+02,4.866975787054108682e-04
4.510000000000000568e+02,4.873353372782194951e-04
4.515000000000000000e+02,4.842792467113745856e-04
4.520000000000000000e+02,4.922229964853468793e-04
4.525000000000000568e+02,4.817109053507619100e-04
4.530000000000000568e+02,3.989563329918092093e-04
4.535000000000000568e+02,3.792006380583683492e-04
4.540000000000000000e+02,4.076231449524825496e-04
4.545000000000000568e+02,4.244317561090063138e-04
4.550000000000000000e+02,4.214494580887685336e-04
4.554999999999999432e+02,4.215977442680625539e-04
4.560000000000000568e+02,4.223694370524273107e-04
4.565000000000000000e+02,4.201420356419260731e-04
4.570000000000000000e+02,4.257550353779178723e-04
4.575000000000000568e+02,4.170430488414419296e-04
4.580000000000000568e+02,3.865509993154494996e-04
4.585000000000000568e+02,4.618265035625910187e-04
4.590000000000000000e+02,4.903916721807552448e-04
4.595000000000000568e+02,5.028875773255614195e-04
4.600000000000000568e+02,5.558889280345479054e-04
4.605000000000000000e+02,5.521530589799767156e-04
4.610000000000000000e+02,5.543606796958709280e-04
4.615000000000000568e+02,5.320022539986848844e-04
4.620000000000000000e+02,5.234084358743758183e-04
4.625000000000000000e+02,5.577283592165125032e-04
4.630000000000001137e+02,5.556113358605966213e-04
4.635000000000000000e+02,4.686963024508431787e-04
4.640000000000000000e+02,4.755161584968194480e-04
4.645000000000000568e+02,4.562844650872307692e-04
4.650000000000000568e+02,3.879952846368577317e-04
4.655000000000000568e+02,4.222837739166350099e-04
4.660000000000000568e+02,3.486923962786789809e-04
4.665000000000000568e+02,3.071053618278981635e-04
4.670000000000000000e+02,3.507734621245663402e-04
4.675000000000000000e+02,3.934290152306193816e-04
4.680000000000000000e+02,3.894022117754885942e-04
4.685000000000000568e+02,3.929658036401653220e-04
4.690000000000000568e+02,3.576618110441166353e-04
4.695000000000000568e+02,2.933409220501182304e-04
4.700000000000000568e+02,2.555750154867845081e-04
4.705000000000000568e+02,2.595393067650832077e-04
4.710000000000000568e+02,2.600792541089644761e-04
4.715000000000000568e+02,2.593992797544817340e-04
4.720000000000000568e+02,2.593214921806144264e-04
4.725000000000000568e+02,2.602124692344362001e-04
4.730000000000000000e+02,2.594448621968457706e-04
4.735000000000000568e+02,2.549752140902922107e-04
4.740000000000000568e+02,2.975189318477317155e-04
4.745000000000000000e+02,3.425834990825513647e-04
4.750000000000000000e+02,3.128213767491705086e-04
4.755000000000001137e+02,2.573267647706456245e-04
4.760000000000000000e+02,2.029786027950664464e-04
4.765000000000001137e+02,1.778991082946704033e-04
4.770000000000000000e+02,2.260948854106762892e-04
4.775000000000001137e+02,2.649374160819757597e-04
4.780000000000001137e+02,2.591601246441201990e-04
4.785000000000000000e+02,2.591148675202840294e-04
4.790000000000000000e+02,2.598712611604204982e-04
4.795000000000000000e+02,2.594583476719829543e-04
4.800000000000001137e+02,2.595994308780392545e-04
4.805000000000000000e+02,2.595681358396957801e-04
4.810000000000000000e+02,2.595688534898199485e-04
4.815000000000001137e+02,2.595725685691258229e-04
4.820000000000000000e+02,2.595698214745382083e-04
4.825000000000000000e+02,2.595723317644844973e-04
4.830000000000000000e+02,2.595697195412353183e-04
4.835000000000000000e+02,2.595663199810325844e-04
4.840000000000001137e+02,2.596013673897372680e-04
4.845000000000000000e+02,2.594634406276870938e-04
4.850000000000000000e+02,2.598279769140421922e-04
4.854999999999998863e+02,2.592844283735721623e-04
4.860000000000001137e+02,2.587833616974119901e-04
4.865000000000001137e+02,2.653821265731781415e-04
4.870000000000001137e+02,2.470673501200567647e-04
4.875000000000000000e+02,2.188191899337536546e-04
4.880000000000000000e+02,1.880465005280591937e-04
4.885000000000000000e+02,1.631252498720216410e-04
4.890000000000001137e+02,1.613275149893743420e-04
4.895000000000000000e+02,1.626245082782370110e-04
4.900000000000001137e+02,1.621169974873624476e-04
4.905000000000000000e+02,1.622508351972138925e-04
4.910000000000000000e+02,1.622353382205001307e-04
4.915000000000001137e+02,1.622274726950126932e-04
4.920000000000000000e+02,1.622338088708837284e-04
4.925000000000000000e+02,1.622312378022844142e-04
4.930000000000001137e+02,1.622319415827612899e-04
4.935000000000001137e+02,1.622318477107383421e-04
4.939999999999998863e+02,1.622318137601671195e-04
4.945000000000000000e+02,1.622318445826853226e-04
4.950000000000000000e+02,1.622318315930055697e-04
4.955000000000000000e+02,1.622318352781846034e-04
4.960000000000000000e+02,1.622318347271607501e-04
4.965000000000000000e+02,1.622318345851901948e-04
4.970000000000000000e+02,1.622318347344381862e-04
4.975000000000000000e+02,1.622318346689831392e-04
4.980000000000001137e+02,1.622318346882077784e-04
4.985000000000001137e+02,1.622318346850438867e-04
4.990000000000001137e+02,1.622318346844824869e-04
4.995000000000000000e+02,1.622318346852013129e-04
5.000000000000001137e+02,1.622318346848655084e-04
5.005000000000001137e+02,1.622318346849704320e-04
5.010000000000001137e+02,1.622318346849547111e-04
5.015000000000000000e+02,1.622318346849494527e-04
5.020000000000001137e+02,1.622318346849547111e-04
5.025000000000001137e+02,1.622318346849547111e-04
5.030000000000000000e+02,1.622318346849547111e-04
5.035000000000001137e+02,1.622318346849547111e-04
5.040000000000001137e+02,1.622318346849547111e-04
5.045000000000001137e+02,1.622318346849547111e-04
5.050000000000000000e+02,1.622318346849547111e-04
5.055000000000001137e+02,1.622318346849547111e-04
5.060000000000001137e+02,1.622318346849547111e-04
5.065000000000001137e+02,1.622318346849547111e-04
5.070000000000001137e+02,1.622318346849547111e-04
5.075000000000001137e+02,1.622318346849547111e-04
5.080000000000001137e+02,1.622318346849547111e-04
5.085000000000000000e+02,1.622318346849547111e-04
5.090000000000001137e+02,1.622318346849547111e-04
5.095000000000001137e+02,1.622318346849547111e-04
5.100000000000001137e+02,1.622318346849547111e-04
5.105000000000001137e+02,1.622318346849547111e-04
5.110000000000001137e+02,1.622318346849547111e-04
5.115000000000001137e+02,1.622318346849547111e-04
5.120000000000000000e+02,1.622318346849547111e-04
5.125000000000001137e+02,1.622318346849547111e-04
5.130000000000001137e+02,1.622318346849547111e-04
5.135000000000001137e+02,1.622318346849547111e-04
5.140000000000001137e+02,1.622318346849547111e-04
5.145000000000001137e+02,1.622318346849547111e-04
5.150000000000001137e+02,1.622318346849547111e-04
5.155000000000000000e+02,1.622318346849494527e-04
5.160000000000001137e+02,1.622318346849547111e-04
5.165000000000001137e+02,1.622318346849547111e-04
5.170000000000001137e+02,1.622318346849127254e-04
5.175000000000001137e+02,1.622318346851121102e-04
5.180000000000001137e+02,1.622318346845559416e-04
5.185000000000001137e+02,1.622318346854636627e-04
5.189999999999998863e+02,1.622318346858256778e-04
5.195000000000000000e+02,1.622318346769794284e-04
5.200000000000000000e+02,1.622318347156962608e-04
5.205000000000000000e+02,1.622318346046719255e-04
5.210000000000000000e+02,1.622318348007589686e-04
5.215000000000000000e+02,1.622318348207234132e-04
5.220000000000000000e+02,1.622318331791739951e-04
5.225000000000000000e+02,1.622318407274018798e-04
5.230000000000000000e+02,1.622318183563438844e-04
5.235000000000000000e+02,1.622318602269013884e-04
5.240000000000000000e+02,1.622318538245380755e-04
5.245000000000000000e+02,1.622315516293420168e-04
5.250000000000000000e+02,1.622330191729944807e-04
5.255000000000000000e+02,1.622285252037039245e-04
5.260000000000000000e+02,1.622373933586138009e-04
5.265000000000001137e+02,1.622340578514793092e-04
5.270000000000001137e+02,1.621789371860958367e-04
5.275000000000000000e+02,1.624633859182751531e-04
5.280000000000001137e+02,1.615633270975455128e-04
5.285000000000000000e+02,1.634282223653355849e-04
5.290000000000000000e+02,1.623555959164053463e-04
5.295000000000000000e+02,1.359955102823095184e-04
5.300000000000000000e+02,1.235266935962368916e-04
5.305000000000000000e+02,1.432666751316252676e-04
5.310000000000000000e+02,1.648893381815346555e-04
5.315000000000000000e+02,1.621797552039590815e-04
5.320000000000000000e+02,1.619323604984277884e-04
5.325000000000000000e+02,1.623420749240732375e-04
5.330000000000000000e+02,1.623771418095268837e-04
5.335000000000001137e+02,1.618322933520131911e-04
5.340000000000000000e+02,1.623890752353450060e-04
5.345000000000000000e+02,1.647637535015535591e-04
5.350000000000000000e+02,1.409156974504870684e-04
5.355000000000000000e+02,1.263444306458915008e-04
5.360000000000000000e+02,1.306158685038053815e-04
5.365000000000000000e+02,1.297248490893607045e-04
5.370000000000001137e+02,1.297131587769058446e-04
5.375000000000001137e+02,1.298325098779253624e-04
5.380000000000000000e+02,1.297679248628666633e-04
5.385000000000000000e+02,1.297898797733830782e-04
5.390000000000000000e+02,1.297850488601935248e-04
5.395000000000001137e+02,1.297851410327675143e-04
5.400000000000000000e+02,1.297857633362179026e-04
5.405000000000001137e+02,1.297857945077911463e-04
5.410000000000000000e+02,1.297856340790853988e-04
5.415000000000001137e+02,1.297854305367378443e-04
5.420000000000001137e+02,1.297854475423609909e-04
5.425000000000001137e+02,1.297854834968952898e-04
5.430000000000000000e+02,1.297854630353667408e-04
5.435000000000000000e+02,1.297854611587406076e-04
5.440000000000001137e+02,1.297854637083022708e-04
5.445000000000000000e+02,1.297854673733384815e-04
5.450000000000000000e+02,1.297854688168647425e-04
5.455000000000001137e+02,1.297854673042630666e-04
5.460000000000001137e+02,1.297854678726961439e-04
5.465000000000001137e+02,1.297854677294506211e-04
5.470000000000001137e+02,1.297854677428092116e-04
5.475000000000000000e+02,1.297854677531455885e-04
5.480000000000000000e+02,1.297854677457264743e-04
5.485000000000000000e+02,1.297854677481085749e-04
5.490000000000000000e+02,1.297854677483866728e-04
5.495000000000001137e+02,1.297854677485493031e-04
5.500000000000000000e+02,1.297854677486175265e-04
5.505000000000000000e+02,1.297854677486070369e-04
5.510000000000001137e+02,1.297854677485440718e-04
5.515000000000000000e+02,1.297854677484338898e-04
5.520000000000000000e+02,1.297854677482974701e-04
5.525000000000000000e+02,1.297854677481610503e-04
5.530000000000001137e+02,1.297854677480246306e-04
5.535000000000000000e+02,1.297854677477885185e-04
5.540000000000000000e+02,1.297854677479983929e-04
5.545000000000001137e+02,1.297854677479668968e-04
5.550000000000000000e+02,1.297854677479511759e-04
5.555000000000000000e+02,1.297854677479668968e-04
5.560000000000000000e+02,1.297854677479616655e-04
5.565000000000001137e+02,1.297854677479668968e-04
5.570000000000000000e+02,1.297854677479616655e-04
5.575000000000000000e+02,1.297854677479511759e-04
5.580000000000001137e+02,1.297854677480036242e-04
5.585000000000000000e+02,1.297854677478252458e-04
5.590000000000000000e+02,1.297854677482187570e-04
5.595000000000000000e+02,1.297854677479616655e-04
5.600000000000000000e+02,1.297854677459888242e-04
5.605000000000000000e+02,1.297854677572171742e-04
5.610000000000000000e+02,1.297854677199694628e-04
5.615000000000000000e+02,1.297854678022198314e-04
5.620000000000000000e+02,1.297854677341990471e-04
5.625000000000000000e+02,1.297854673863087921e-04
5.630000000000000000e+02,1.297854695451760069e-04
5.635000000000000000e+02,1.297854621368461437e-04
5.640000000000000000e+02,1.297854791876398362e-04
5.645000000000000000e+02,1.297854664560707007e-04
5.650000000000000000e+02,1.297854294147361557e-04
5.655000000000001137e+02,1.297853921954583386e-04
5.660000000000000000e+02,1.297853743503211597e-04
5.665000000000001137e+02,1.297853954313875769e-04
5.670000000000000000e+02,1.297854984080306587e-04
5.675000000000000000e+02,1.297856949965135915e-04
5.680000000000000000e+02,1.297841770606084739e-04
5.685000000000001137e+02,1.297897689177162012e-04
5.690000000000000000e+02,1.297758719909650812e-04
5.695000000000000000e+02,1.297935483603340919e-04
5.700000000000000000e+02,1.298257158924585387e-04
5.705000000000000000e+02,1.295373436904930203e-04
5.710000000000000000e+02,1.306404518789101409e-04
5.715000000000000000e+02,1.277984324290025843e-04
5.720000000000000000e+02,1.318010634856881902e-04
5.725000000000000000e+02,1.595761469473626489e-04
5.730000000000000000e+02,1.641490242486682487e-04
5.735000000000000000e+02,1.622232164089878657e-04
5.740000000000000000e+02,1.603737953859404918e-04
5.745000000000000000e+02,1.646559049745099771e-04
5.750000000000001137e+02,1.924359522041200468e-04
5.755000000000000000e+02,1.967277109713973715e-04
5.760000000000000000e+02,1.938135654742133892e-04
5.765000000000000000e+02,1.949248593126009133e-04
5.769999999999998863e+02,1.946400092954311985e-04
5.775000000000000000e+02,1.946690202250827466e-04
5.780000000000000000e+02,1.946881239424559250e-04
5.785000000000000000e+02,1.946738459076040252e-04
5.790000000000001137e+02,1.946794869929770698e-04
5.795000000000001137e+02,1.946779841128747752e-04
5.800000000000000000e+02,1.946781654796637397e-04
5.805000000000000000e+02,1.946782494142318030e-04
5.810000000000000000e+02,1.946781797396434385e-04
5.815000000000000000e+02,1.946782082966617337e-04
5.820000000000000000e+02,1.946782004030935833e-04
5.825000000000001137e+02,1.946782014912737749e-04
5.830000000000001137e+02,1.946782018508436249e-04
5.835000000000000000e+02,1.946782015123138293e-04
5.840000000000000000e+02,1.946782016564828214e-04
5.845000000000001137e+02,1.946782016152002245e-04
5.850000000000000000e+02,1.946782016215437288e-04
5.855000000000000000e+02,1.946782016230285978e-04
5.860000000000000000e+02,1.946782016213968194e-04
5.865000000000000000e+02,1.946782016221208767e-04
5.870000000000000000e+02,1.946782016219057710e-04
5.875000000000000000e+02,1.946782016219372399e-04
5.880000000000000000e+02,1.946782016219529880e-04
5.885000000000000000e+02,1.946782016219372399e-04
